9 0.711055 0.315996 0.140742 0.103711
9 0.578330 0.295000 0.129629 0.106172
9 0.443154 0.296855 0.148145 0.092578
9 0.320928 0.325244 0.143223 0.117285
9 0.379580 0.390684 0.129629 0.107422
9 0.508584 0.391299 0.130879 0.148145
9 0.648701 0.405498 0.139512 0.164199
9 0.793770 0.398701 0.143203 0.111113
9 0.816611 0.510430 0.188887 0.156797
9 0.630186 0.530801 0.161738 0.143203
9 0.740684 0.617227 0.197539 0.148164
9 0.568457 0.657354 0.181484 0.166660
9 0.460439 0.530811 0.172832 0.133340
9 0.388223 0.665986 0.193828 0.201230
9 0.295010 0.582656 0.160488 0.140742
9 0.329570 0.480811 0.153086 0.095059
9 0.215371 0.408584 0.159258 0.111113
9 0.168457 0.497480 0.181484 0.128398
